MAE: 2.9589784285447256
MSE: 16.700078512347318
R2: 0.6881722258335607
neghbors_count: 32
random_seed: 1680095243
serialized_model_md5: 875e1552837bb04e705648afac6e40b4
